Array Index error0
Array Index error0
0
true
Array Index error0
-2988608163939781579
false
7855115132136698919
7855115132136698919
-5152539712489219172
false
-5930086769141541489
-2790327830316020783
1
8639365517082215909
1
6144397648956739006
6144397648956739006
6144397648956739006
2
2
5536818896257141099
1
1
-715299252779566179
6144397648956739006
8639365517082215909
8639365517082215909
false
-1283072900190525784
false
1953375932576059291
-7076234165982796595
false
1953375932576059291
1953375932576059291
8639365517082215909
false
2364142898974415728
8639365517082215909
-4921549444441388449
5718777634932315930
-4921549444441388449
2
5718777634932315930
8639365517082215909
false
1
1
false
-4921549444441388449
4174386449869737425
4174386449869737425
4975457291592469129
2364142898974415728
4975457291592469129
false
3597631697296575690
4174386449869737425
2
-1108333652214438772
131415325391338
-7170942088183739781
4
131415325391338
4656792736602709423
-7879453951899063484
false
3
3
-2520063168877387715
-2520063168877387715
-2520063168877387715
1105170980963621308
-7879453951899063484
false
131415325391338
-7879453951899063484
7128315042580912935
-1108333652214438772
-3416819381788114247
false
1817263446790980844
-590600557340860452
3
-8373814027752100565
7002283296371409163
3
false
-4906373076565850049
false
7002283296371409163
-4906373076565850049
7002283296371409163
4212711065586146592
4212711065586146592
false
4174386449869737425
-4848050379687164531
6144397648956739006
7002283296371409163
8173880362930971342
7002283296371409163
-590600557340860452
6770692409510996215
6770692409510996215
7002283296371409163
-6858623695681569599
-7010130849232881060
-7010130849232881060
false
-590600557340860452
false
-1108333652214438772
4530417932091797956
false
-590600557340860452
2
2
-1108333652214438772
8141737333553547720
false
-5577809372211068088
4160894157765524863
-8498990122955259495
4893049085726979032
-9003373424178551016
4893049085726979032
false
-3991001278934066333
false
802630206097348443
-408636161658205778
-3416819381788114247
-5361601149072551920
4
false
-408636161658205778
-1661224424778781926
4530417932091797956
5343839537561107055
false
false
-3991001278934066333
3
8575348560890605859
false
false
6460613084495310911
-2120377844176423149
4
-6533321632530493581
-8537508122693684837
4099927409421839537
false
3
-2120377844176423149
-8827081503484340236
4
8162437679862803131
false
8162437679862803131
false
2
8832316467488479183
false
4542127007192546682
-6858623695681569599
false
-198561388931742937
5
4264085944905300846
7293261768470520028
8832316467488479183
-4318234758329333858
4
false
5
-5361601149072551920
-1661224424778781926
5
2
3
[3, 2, 1]
